1.085493706519221169e+00
8.740368211721125657e-01
1.966081379929382589e+00
1.079733560177393414e+00
1.430442288641708082e+00
3.401166403211085765e+00
2.259170695750628344e+00
3.212256337801624007e+00
4.325635244017917103e+00
5.038773337673138286e+00
3.440408126996709726e+00
1.714552959812697841e+00
3.494234558997636686e+00
1.439650607816988392e+00
1.424306846786262959e-01
3.561714928747014675e+00
1.321061969500181954e+00
1.435336621594153428e+00
9.316563369275701056e-01
1.231879380752577191e+00
4.921444893461213610e+00
1.357370435241958884e+00
2.084771734419900824e+00
6.862243525197460947e+00
1.724713874675687375e+00
5.485358803158645102e+00
2.461636281505226176e+00
1.160703805229740038e+00
2.260896306891265528e+00
1.653107233104064377e+00
8.669712673283508364e-01
1.318764976813390000e+00
1.488200171684854745e+00
1.393878323904281347e+00
8.429647777930496799e-01
2.179587886013805154e-01
1.331134017971592476e+00
8.936072514886690410e-01
1.501597826921712731e+00
3.305093237709763265e+00
2.947454294873630865e+00
2.234686547347613406e+00
1.117618590063685247e+00
3.283988900235045083e+00
1.007564318828428895e+00
2.330940686796499683e+00
1.912891567460961673e+00
7.408458798354502939e+00
8.944959691229789067e-01
1.611672513865907375e+00
1.727214233149774403e+00
1.881335665353510711e+00
2.385349016763711028e+00
1.945068675281876880e+00
3.712934085759300284e+00
3.068367183137573839e+00
2.495068660459225374e+00
6.718273906365943571e-01
4.874491269811784822e-01
2.296429612213056526e+00
1.508530544135830986e+00
4.106753792207711307e+00
1.778065029082716242e+00
1.561017157588607374e+00
1.461050372393999597e+00
8.230124265646685533e-01
1.744281294052165254e+00
8.899055630805158268e-01
1.851820761352918732e+00
1.395071229464296847e+00
1.622116319522142192e+00
2.572805766045687559e+00
3.413992256872149245e-01
2.925511229082110809e+00
1.880685216465390885e+00
7.636431380483064135e-01
7.791641748071290730e-01
1.819755174815899990e+00
1.662620684924712933e+00
3.501794500036771396e+00
4.547525683020962717e+00
1.496886197266907192e+00
1.194811326482839720e+00
3.801899625329808075e+00
1.752223951793393963e+00
7.983228432000224473e-01
3.215758708705900304e+00
5.023843994152036307e-01
1.165453217954198095e+00
2.120927374161068801e+00
2.719983505849171479e+00
1.464809313570926363e+00
2.696733595476603629e+00
3.614526502849433331e-01
7.245282479912273921e-01
1.743538663034041258e+00
1.092813750907976056e+00
3.528416792519732947e+00
1.474985657153294882e+00
2.575338243735400212e+00
4.976466130293810686e-01
3.624409499000809998e+00
1.807511730933633931e+00
2.936146881855325574e+00
6.835577228166075159e+00
3.186399595365044135e+00
2.610283105263162540e+00
1.718780737588589291e+00
1.280619489368564068e-01
2.171181830353796638e+00
1.858112129068240082e+00
4.740321797186819452e+00
2.458624593371708578e+00
2.589469379301242213e+00
3.234937103108761480e-01
3.101638964124575626e-01
2.055176547040872492e+00
4.371369453235509184e+00
1.796665430549199360e+00
2.221726625775878539e+00
3.210488653872707321e-01
1.417269068259340070e+00
3.815714943058822861e+00
2.879836600435068839e+00
2.407642523394743161e+00
2.328333490391769622e+00
1.278844396346972445e+00
2.728572448202532641e+00
2.439412235300828069e+00
2.260725376013553944e+00
4.077668345654512194e+00
2.339435058376818422e+00
6.402881649024514399e-01
1.632110391229425250e+00
1.794963567697418272e+00
3.249717811833450209e+00
4.549062742026654504e+00
1.523855767432531705e+00
2.718806094649855787e+00
1.827423723818585755e+00
5.077803150183021197e-01
8.757774826268620583e-01
2.591680131373881313e+00
1.078966293016268008e+00
9.331604635484799237e-01
5.709869592016213247e+00
1.789479590202509351e+00
3.968480968530655240e+00
1.322834509959068816e+00
1.081503418943118744e+00
1.766557469782013001e+00
2.832863349810123665e+00
1.695719114583034370e+00
4.059870739238815140e+00
1.382479482134808313e+00
1.354611104333125482e+00
2.082901635636142945e-01
4.466103220425949871e+00
1.291080220000467405e+00
5.809614477165453650e+00
1.509832629935687898e+00
1.623040588621828206e+00
1.467548677817962277e+00
1.903029443357261430e+00
2.891561675874854132e+00
2.888123138680340318e+00
1.831134525958625581e+00
1.636307945479421155e+00
2.346091478139100239e+00
1.319543239922544853e+00
2.313333531293097600e+00
1.534083301096203167e+00
1.776520766964909015e+00
7.555200286019543299e-01
3.225582859604326114e+00
2.320738053074026030e+00
5.727098665453537407e+00
2.364452404114612438e+00
1.184611907455459523e+00
2.572491612878444300e+00
1.880128467307453644e+00
3.243243896530930037e+00
1.592582171685743342e+00
2.911365503963911472e+00
2.366724679614769400e+00
4.118754714850252352e-01
1.063815942299390249e+00
5.974003313100539891e-02
1.986282298769816101e+00
1.785761123174750775e+00
1.811076571035371563e+00
5.334540865023706946e-01
1.587208026211392564e+00
3.154909068070240075e+00
3.054964186882672905e+00
3.773791603820829010e+00
2.231458969888107990e+00
2.458947986691850662e+00
5.122989759251292963e-01
2.960320755739121346e+00
2.005687025812420643e+00
1.689799485147901903e+00
3.422625719503701092e+00
2.118562101513858931e+00
1.596324703927813449e+00
2.573834154725692436e+00
6.280627275051156033e-01
2.671284137546624304e+00
9.819718697666498519e-01
1.794892805153798232e-01
5.382050302898854222e-01
2.557988365047044077e+00
1.481429230111425355e+00
3.183176173199828263e+00
1.773958016269603144e+00
8.334624761432922746e-01
6.838420856631108879e-01
1.448569635950401002e+00
3.628255879218794444e+00
1.257700810851758444e+00
3.379146845729067650e+00
2.581752470405902944e+00
2.567331130463227140e+00
3.617542038521054604e+00
1.366197672169779498e+00
4.349294992638762736e+00
1.656652256084799379e+00
1.661370749661885693e+00
1.554008092819717302e+00
2.514223031732843783e+00
4.398113770990317306e-01
2.976935883190813037e+00
4.465268648058906553e-01
3.008265517866554717e+00
2.980149274499897416e+00
2.001198069394241053e-01
1.251120573290644078e+00
2.902085964855127376e+00
1.745079358518354828e+00
1.950370806609331709e+00
3.274522077913851525e+00
2.085537073695167720e+00
1.140181250322328310e+00
3.537037267679156383e+00
4.736452404156831442e+00
4.776763423231292549e+00
1.223137900759136087e+00
1.920456328005865965e+00
4.723505235032233074e+00
1.815799928585822398e+00
5.017080004428472462e-01
2.175192576926014532e+00
2.624995309431943369e+00
9.059612649655796046e-01
1.219831774241083355e+00
2.632831087365728351e+00
5.664564888251787167e+00
3.771695426078347069e+00
2.452812413285492266e-01
1.004482899612299640e+00
1.442602503147401016e+00
1.884346347063367677e+00
7.170543129316580000e-01
4.947360959220727938e-01
1.016452000112948006e+00
3.196282595618505695e+00
1.741915153834188157e+00
2.152087836072952953e+00
1.545881335593840555e+00
4.380800707015084505e+00
1.675544559262362121e+00
9.390694633433213090e-01
1.296871789076183390e+00
1.055250111742667585e+00
2.915658432841099490e+00
1.621135085441584023e+00
1.678299860246128761e+00
1.923778008641721549e+00
3.252995756435744568e+00
1.864789863819068305e+00
1.401599486413872109e+00
2.224045873951168595e+00
1.022470976767298145e+00
1.289729257374384819e+00
2.759036308244187552e+00
4.961815119092692683e+00
1.210963495857186434e+00
1.918177913027814263e+00
1.627797461278348123e+00
2.752277273643066735e+00
1.291164771627903107e+00
1.529918961512820585e+00
4.730778647636446621e+00
1.725385459996578552e+00
3.130805703371704052e+00
2.124717966728827179e+00
8.402155525030476912e-01
1.379305579372508639e+00
2.341997410448763972e+00
2.766300224209975234e+00
7.283991145589833183e-01
9.583043634423634716e-01
8.437723869967320711e-01
1.188061403111954739e+00
3.295151397241690816e+00
1.773733431272034977e+00
2.372032074053235018e+00
3.659671624563303638e+00
1.633464840054145162e+00
4.279895652173612675e+00
1.696160887933524819e+00
1.699975388387959141e+00
2.853004499512596492e+00
2.292308980550630704e+00
4.287034453044880067e-01
1.374661453730680716e+00
2.156986024681841752e+00
2.045980377409806650e+00
1.682074593839195442e+00
1.190856037478995155e+00
5.604567356686046331e+00
3.142089069268989121e+00
2.808626633574018427e-02
2.746448193850866026e+00
1.537269623699273557e+00
2.068416706729208521e+00
9.663956405797017313e-01
3.248237235767873266e+00
1.807259211565920065e+00
3.534148317326006428e+00
5.075612524095177713e-01
3.265413294035971248e+00
2.807862331702475345e-01
1.492652270396039649e+00
3.863760104128628470e+00
7.115338456878701479e-01
1.339064701260126222e+00
1.200016524666579709e+00
1.646136204771625700e+00
1.543969591190876178e+00
2.508339018311753321e+00
1.914821134754330023e+00
2.178292262325458140e+00
9.004230621976859750e-01
1.793275961442086563e+00
2.644645072601676361e+00
1.931205201104327474e+00
2.675267936802227631e+00
2.807592787226106168e+00
8.916458455692146678e-01
1.570974521730275075e+00
1.487557526026620502e+00
2.081240229832956867e+00
1.195259069591953605e+00
8.919758687093014560e-01
1.338461388716311706e+00
1.393721151256497759e+00
1.304245365236204934e+00
2.473370234868508266e-01
7.909988847682587476e-01
1.712892547039170488e+00
2.375255624993954928e-01
1.644019174006620343e+00
1.268813111870976451e+00
1.271204466240338560e+00
1.546431825088613987e+00
9.441489549187438435e-01
1.177112936228652762e+00
1.548841491162544548e+00
1.742574723964302574e+00
1.017321494310670538e+00
8.783112624204817420e-01
1.265710893380053603e+00
6.120328905890977111e-01
6.888350306333267392e-01
3.513171985716469159e+00
9.876203216621326497e-02
1.478402284370918141e+00
2.274454382212091730e+00
2.293684284796115413e+00
7.142128248617481967e-01
2.901090557420697102e+00
1.114682044696863716e+00
1.281316706949140016e+00
9.316911267097718330e-01
2.001779725188103765e+00
4.537120142092822661e+00
2.975297721615357993e+00
1.190416807490408901e+00
5.603453826792698322e+00
1.104619403737393091e+00
7.667937221266687864e+00
3.021693304329470031e+00
1.932392718057180492e+00
1.779450141251558204e+00
3.409825581300718333e+00
2.100516416447836932e+00
4.098631948736064956e+00
9.505074384681972965e-01
4.249338241366979574e+00
4.196868344297203457e+00
3.616264105095826409e+00
6.073349611358695999e-01
2.100852693676184657e+00
7.828726627629485346e-01
2.205605064477771826e+00
2.480598644193715341e+00
3.126426675384598397e+00
1.184623941082703302e+00
2.364421047700064893e+00
6.744178363807979970e-01
6.182133317732296796e-01
8.009909476446129828e-01
1.541024219588871036e+00
9.122366818207578998e-01
1.680966138462493431e+00
2.921839230028984158e+00
3.725223875683407737e-01
1.840906347370521168e+00
2.529988896453697844e+00
1.651541721526063711e+00
2.709691557850494981e+00
3.189290995291789166e+00
2.591253295586970928e+00
2.552754186534413883e+00
8.250398853439735447e-01
2.841492576517866908e+00
5.708385611824677852e+00
1.553467689241932792e+00
3.657396281831135187e+00
9.169768862788475472e-01
1.015862892320950506e+00
5.948753985972735414e+00
1.133539965320684795e+00
3.177864497856062176e-01
5.766575921793114512e-01
7.964305271520884411e+00
7.955421962334398023e-01
1.007079814945287755e+00
1.212414087875639090e+00
9.394564396772435710e-01
2.454578249225135789e+00
1.471897730594313058e+00
3.869394093425159831e+00
1.796196862953843620e+00
2.971911777145806788e+00
1.428764834618893698e+00
2.273837078696086422e+00
1.984652387114954841e+00
3.118745531506814217e+00
1.269923830528519204e+00
2.096674325327945176e+00
5.903473879545341418e+00
2.239590134460252457e+00
8.932497737106286362e-01
1.248802444208227280e+00
1.063979283181295532e-01
1.911195796000418667e+00
1.941890528411213790e+00
3.699513785247385833e-01
2.844210660169995464e+00
3.500304655972426016e+00
6.927999091675566268e-01
2.974999224876613280e-01
3.725314872777783837e+00
9.443602099084121848e-01
2.017587499408509899e+00
2.497724240073149637e+00
1.504757079202106329e+00
2.181466221484883672e+00
4.645517751281882823e+00
3.098300816564975246e+00
2.542844751270413539e+00
4.185931217459605946e+00
2.398129860544705672e+00
1.429979996116191199e+00
3.779570737940390668e+00
7.639982734279506804e-01
7.629540001228724000e-01
9.463104957419962160e-01
2.445623241772969525e-01
2.312962580101975085e+00
1.456901679869812227e+00
2.349878900385319547e+00
3.429675637609027383e+00
3.154657820787885036e+00
3.537286733904698277e+00
2.132698886425721696e+00
2.294581320922922885e+00
1.656001754474943244e+00
2.871287683595197482e+00
2.882066952796356496e+00
2.444178012177617987e+00
3.821491220923896037e+00
1.895287439737844304e+00
2.014611752900905994e+00
5.453298899936546817e+00
1.762037091313092052e+00
2.133279875162161332e+00
1.395130831548933470e+00
3.634944132566003905e+00
1.454712030512721244e+00
1.129778858650343665e+00
6.959358388835157339e-01
9.068446961071070511e-01
2.660359856074351548e+00
2.167800787774572857e+00
1.455716439109094651e+00
2.053559024299653757e+00
6.251714732368097716e-01
4.377118074383758106e+00
1.243132399568132485e+00
3.160634865838392926e+00
1.203545265237049300e+00
1.446238276530517064e+00
4.002858235785543783e+00
2.445358533367608445e+00
1.670328656991454164e+00
3.879907590551838759e-01
3.219494534601904601e+00
2.821138051410980729e+00
3.789123611059316943e+00
2.808793288607073446e+00
4.345006238736063509e+00
3.135621265975677474e+00
1.369139845407054246e+00
8.467022351301783933e-01
1.909822054728021579e+00
1.936438576997127292e+00
1.981481714019029283e+00
1.522937792765115095e+00
1.981761699865416837e+00
3.327832133371181556e+00
1.600941671941157773e+00
1.414749411232102405e+00
1.985098820337961367e+00
3.013056044858906546e+00
1.488669360830806365e+00
2.317390371434735918e+00
2.007081297363517258e+00
1.569809840196755069e+00
8.684752584211092863e-01
4.781225100417301199e-01
5.655495441141823454e-01
1.886943525675732758e+00
6.665240521292339348e-01
5.992116994337369773e-01
5.991422189381184538e+00
9.469115347540549843e-01
3.725964549599648734e+00
3.293335711632029650e+00
1.453586206164099615e+00
3.644735593924472106e+00
3.850876541592032520e+00
3.490619512968638816e+00
1.670163456350220121e+00
2.979142449317368602e+00
6.239938363712739244e-01
3.957807038890001294e+00
7.223459867185468841e-01
3.737662875433194198e+00
1.081931654733299331e+00
2.990740797534521711e+00
1.281224327531460760e+00
2.822176624940098577e+00
2.781929506496672921e+00
4.589266864782590716e-01
7.733823316674600656e-01
2.364678051361106981e+00
2.673672237007722163e+00
2.018534551038957403e-01
1.934091913416882580e+00
2.534270936552601050e+00
2.096129601265628306e-01
3.187275513432779039e-01
3.482598752251615970e+00
1.733211442467903929e+00
2.195762200163693834e+00
2.404874980931372086e+00
3.757519988446839321e+00
2.039767205820235851e+00
6.226975797082263675e-01
1.286787636288187375e+00
8.613228926630663862e-01
4.804833457845965050e+00
1.735086408286773185e+00
1.080002084933523898e+00
2.208521639517156299e+00
2.143734422767193948e+00
2.003940599646679033e+00
1.091949788489571027e+00
2.157114471096402752e+00
1.487491907712225503e+00
1.572345644649259855e+00
2.652537446692381007e+00
2.452677431795864393e+00
1.518891727921372281e+00
2.063678983323527838e+00
3.137479311857238606e+00
1.865693363760726031e+00
1.450552026437392117e+00
9.372961739561389560e-01
3.842538668232229337e+00
1.580028424554306365e+00
1.989904707118144600e+00
2.411950401550852607e+00
1.588055768005856683e+00
3.061292468303309811e+00
1.426078586110920421e+00
1.152662888462147484e+00
1.174314643905035371e+00
5.131501198380355788e+00
1.960483171495273069e-01
3.313501910171247289e+00
5.771794978097733342e+00
3.312678993810867389e+00
1.788639106475300888e+00
7.382716554827700728e-01
1.304963042751126956e+00
7.342799010056000331e-01
2.855230662396732733e+00
1.840806037626695923e+00
2.825614057147301850e+00
3.744591494842359758e+00
7.559551351013227283e-02
2.590819414509462515e+00
2.035729161861968173e+00
6.451448850644621480e+00
3.078550144672177247e+00
1.362903014890519016e+00
1.144368486984722821e+00
2.757435668408002805e+00
2.330083183195836405e+00
3.624126332726339772e+00
1.716680919032623320e+00
1.951574079962751895e+00
9.239176560858337606e-01
5.837173748619040037e-01
1.346583143416577144e+00
4.791000144212874012e+00
8.790740579416589373e-01
1.499039855588722547e+00
2.352291597708764392e+00
4.473328019750079321e+00
1.671076128433449437e+00
1.014442360183263725e+00
3.685592533596655507e+00
2.409366067658049726e+00
1.876628313038902540e+00
1.742671686926765551e+00
2.737526961371178125e+00
1.118665848819437203e+00
2.974496442218538927e+00
7.394598599676812656e-01
1.657688786390976166e+00
2.235729237881243670e+00
1.243133169780894054e+00
1.819125010167777834e+00
9.778634036044256961e-01
9.785876122469792104e-01
5.880175056685718049e-01
7.361605304811218442e-01
1.828224673761430941e+00
1.449756153579754514e+00
1.632517017608242860e+00
3.255917430299658299e+00
2.516188222841177158e+00
2.325881025897098109e+00
3.727429361140947695e+00
1.566706155658497135e+00
1.142660684393700388e+00
5.892552834425754504e+00
3.048451733892778126e+00
2.547038235917729487e+00
4.323479051448064325e+00
2.118716373019591703e+00
2.542926047183565963e+00
2.676736784807343117e-01
1.559016554539674360e+00
3.072895796629964593e+00
1.411536830397984499e+00
1.596643892552574107e+00
1.364091610736070326e+00
1.698343353048727966e+00
1.442906034401946203e+00
5.117538473483930206e-01
4.281896245230742970e+00
2.870880009741459737e+00
2.639237702883561631e+00
3.179255891577839055e-01
5.074596916325079254e-01
1.409345150996200946e+00
5.525909888486916444e+00
1.311171021676993176e+00
1.053833039987310594e+00
3.166825564886110556e+00
2.887021710718729040e-01
1.333197261801688294e+00
3.983832647767578727e+00
3.395602385126723188e+00
2.128911206824517066e+00
1.817663413505056891e+00
2.782304542159895533e+00
3.968088704452418014e+00
6.607448581365353846e-01
3.601265615968151756e+00
7.584861910185399791e-01
2.047258990716648519e+00
1.876794093226364701e+00
1.846304902208904197e+00
1.762399778925751725e+00
1.179543689426018505e+00
3.993346668051481974e+00
6.749946593381469517e-01
1.971013149136284337e+00
2.305207437519459113e+00
1.918936313473126098e+00
5.417005107060157698e+00
1.057165035693017563e+00
2.977755616226682278e+00
2.345047936482477002e+00
3.058377875668060852e+00
2.686326760360838062e+00
4.606425569701290357e+00
3.087034284764804681e+00
4.084608414504966589e+00
1.766914621286954645e+00
1.998240401005392686e+00
3.805033347373866892e+00
6.364414151154607069e-01
3.989066486437554904e+00
3.228805492984032188e+00
3.918267909142715943e+00
7.488303794104723687e-01
3.227231582554789924e+00
1.408106964231541802e+00
1.067070573567179270e+00
3.056936317515186463e-01
1.385659574291167484e+00
1.871733315018531574e+00
1.687141997491665268e+00
2.283281192031204831e+00
2.234035489042651257e+00
3.165776079757794292e+00
2.757927743435279577e+00
2.003691157385116384e+00
3.548627347799552467e+00
2.341098334585374197e+00
6.826049656272989985e-01
1.439604290087837857e+00
2.744771108865688536e+00
8.265769209722284572e-02
1.171749307145583563e+00
3.164307555468109712e+00
5.322693632321888746e-01
2.031470749651153263e+00
1.391198907523910844e+00
6.962452711707188824e-01
1.440202859237192934e+00
1.105597340998880407e+00
2.586144876748451615e+00
3.924961329306240643e+00
3.240945449583925608e+00
1.642337578073379989e+00
1.645339913973834278e+00
6.792815834957958154e-01
9.011628536246663046e-02
2.151186859752122871e+00
2.915145044896951365e+00
7.104494783339171393e-01
4.642847292325993358e-01
1.802404337319386762e+00
2.014630688675887349e+00
6.643391990531665181e-01
2.494096952765555653e+00
4.322017438015564039e-01
2.633755135985442308e+00
1.875393403499061362e+00
2.219144321102911377e+00
3.629131557903155336e+00
2.485010069291059498e+00
1.150420320297074639e+00
4.533404695417337926e-01
1.854151546581892518e+00
9.460625274076921443e-01
1.967538298626626991e+00
7.689387358078240142e-01
3.045441931329189611e+00
3.044154951339574033e+00
9.976223324421996663e-01
9.827800918586675483e-01
7.694550106715898341e-01
4.659561494114148772e+00
3.467785941258076932e+00
2.417747993277047591e+00
7.123655758523697035e-01
5.504931543011775119e+00
2.460672001409247578e+00
2.125170535560388707e+00
6.844621372820627325e-01
4.847688643885688542e+00
1.117171053129792258e+00
2.497939387794531729e+00
3.536323681799416807e+00
1.515220068806530040e+00
1.296656090004958628e+00
4.200724517800187741e+00
2.050976726728741983e+00
3.780474675842998344e+00
1.555165350095207399e+00
5.299276601317997049e-01
1.727895156822938816e+00
2.575869476424509141e+00
2.428971925739905835e+00
1.340251469936931006e+00
1.060521037977320669e+00
5.416009019465032326e-01
2.469304664084951639e+00
1.694658124315783221e+00
6.460433770482174598e-01
1.795624959933999065e+00
1.508815974643554325e+00
2.547788259727824745e+00
2.285270266566050701e+00
3.473699287140148861e+00
2.654106353446199051e+00
2.123183336547674660e+00
1.808290311344185497e+00
2.747091601695625940e+00
1.529715822231791922e+00
1.831666122217390891e+00
3.278525554557240262e+00
1.394415433743890542e+00
5.175047320232865289e+00
6.485148013355273022e-01
1.214770035799224601e+00
2.181191387646037150e+00
2.198581330878206952e+00
1.224173617369440858e+00
2.244748953865073560e+00
3.928334781715260515e+00
2.173358917053396677e+00
3.841562410784473691e-01
3.537800682438017930e+00
1.370203446705605010e+00
6.314388248366044065e-01
4.791518241748209839e+00
4.249541401845151611e+00
3.070847254100698365e+00
2.025340706713314898e+00
1.874607028257809560e+00
6.972710784375024673e-01
9.595049807717606072e-01
1.740446068291304327e+00
1.755991645536319368e+00
1.742375879586631093e+00
2.466300688864285995e+00
1.599891772498876596e+00
2.020308673308229608e+00
2.154054239758084854e+00
3.556006596603229042e+00
2.769800016425814082e+00
4.094485152859217436e+00
2.570353403957809757e+00
3.348809204857229993e+00
3.295888161327727772e+00
1.498278243806892451e+00
2.806780612122168783e+00
2.845012033699517495e+00
1.933736696764152940e+00
1.212891775269671513e+00
1.629472220846881925e+00
2.098808786587054165e+00
1.173971880256039491e+00
5.958916425584596110e-01
5.044434866695685082e-01
9.141917871436022747e-01
2.577350287723500610e+00
3.511829507745023449e+00
4.268074089968545870e+00
2.308490779728953779e+00
8.266576845998179213e-01
6.763756673524083940e-01
1.336993770541266668e+00
2.767953960681035497e-01
6.680945446664582343e-01
2.232273566238454077e-01
2.396536017033611188e+00
3.117275708271333823e+00
4.398509351956240820e+00
3.208124379301227513e+00
4.719853955050581362e+00
2.321867462815940364e+00
3.818727970190522125e+00
1.357518354788769699e+00
1.178956566677497264e+00
6.221680292086079200e-01
2.464239530522168042e+00
7.486706610778220972e-01
3.205572905216609314e+00
1.353220892831854760e+00
2.021711628481380529e+00
3.191786376380195911e+00
2.038041646147799923e+00
1.208116680278053856e+00
3.276027545834046428e+00
4.598837379992639640e+00
1.088693323071595831e+00
4.098951692946402936e+00
1.074043402507354195e+00
2.380904854447930319e+00
2.728151493828407048e+00
1.809821697373263927e+00
3.033108757491679519e+00
2.046329608241720166e+00
2.433313800609893995e+00
9.030784458652049151e-01
1.247748454302092469e+00
1.383298302513351175e+00
2.580105035214354192e+00
2.668706851389025303e+00
1.014434751483809460e+00
2.148284415246081824e+00
9.347210439230844159e-01
2.292341338079248558e+00
1.229307086875512045e+00
1.737056464759753283e+00
2.732378824029506159e+00
2.125888168676851819e+00
7.454092956958043859e-01
2.167667566363570941e+00
5.046153433728703064e+00
1.333719084319661352e+00
1.233124347830394818e+00
2.530663208225576000e+00
1.111965794338820368e+00
2.869164784014211378e+00
2.620571392116552989e-01
1.840369873874979412e+00
3.531891270710675990e+00
1.831510816108439466e+00
1.010109385366700918e+00
1.735429465200401644e+00
3.446168114223453927e+00
1.380481264845662803e+00
1.674598831517397635e-01
1.254614454175262850e+00
4.393993671281220870e+00
1.790022755217398398e+00
4.333388488533369554e+00
1.072211206973030961e+00
3.087153633728051183e+00
1.325270760098613998e+00
3.298303340280551055e+00
2.286068473083305630e+00
2.406809686787418912e+00
9.882719437823623831e-01
1.316348073129835594e+00
5.227871580076397962e+00
4.342040698484044725e+00
1.514143553600111769e+00
4.667910711012085656e+00
1.936369558350819808e+00
1.027569731334186942e+00
1.226563435255941581e+00
2.483572799515043616e+00
2.015562818003678647e+00
8.871706509193582058e-01
1.876406137605326707e+00
4.430016960115584546e+00
1.985541954989273883e+00
1.924338202128206277e-01
1.910643808903612406e+00
3.405703023428177101e-01
2.644169677885848557e+00
7.914533562470341677e-01
4.534192189601850664e+00
1.915432166137927661e+00
3.993753418428272361e+00
8.399485797656831565e-01
2.888461514911266015e+00
2.338614987361584685e-01
8.671587878250219816e-01
8.510581306964676296e-01
3.669568502846504376e+00
2.579387362922691551e+00
5.050656478205528543e-02
2.457816610403883217e+00
1.488592692111660343e+00
1.508014808366918258e+00
1.411926069067092282e+00
1.762681498070893582e+00
1.732993410483520291e+00
1.293209305118898200e+00
